1,2	1,7
2,1	2,3	2,8
3,2	3,10
4,5	4,11
5,4	5,6	5,13
6,5	6,14
7,1	7,8	7,15
8,2	8,7	8,9	8,16
9,8	9,10	9,17
10,3	10,9	10,11
11,4	11,10	11,12
12,11	12,13	12,20
13,3	13,12	13,14	13,21
14,6	14,13	14,22
15,7	15,16
16,15	16,8	16,27
17,9	17,18
18,17	18,24
19,20	19,25
20,19	20,12
21,13	21,22	21,30
22,14	22,21
23,24	23,28
24,23	24,25	24,18
25,24	25,19	25,26
26,25	26,29
27,16	27,28	27,34
28,23	28,27	28,31
29,26	29,30	29,32
30,21	30,29	30,39
31,28	31,32	31,35
32,29	32,31	32,38
33,34	33,41
34,27	34,33	34,35	34,43
35,31	35,34	35,36
36,35	36,45
37,40	37,46
38,32	38,37	38,39
39,30	39,38	39,40	39,48
40,39	40,50
41,33	41,42
42,41	42,52
43,34	43,44	43,53
44,43	44,45	44,54
45,36	45,44	45,46
46,37	46,45	46,47
47,46	47,48	47,57
48,39	48,47	48,58
49,50	49,59
50,40	50,49
51,52	51,61
52,42	52,51	52,53
53,52	53,43
54,44	54,55
55,54	55,62
56,57	56,63
57,56	57,47
58,48	58,59
59,49,	59,58	59,60
60,59	60,64
61,51	61,62
62,55	62,61	62,63
63,56	63,62	63,64
64,60	64,63